G3	180	322	105	G	8 4
G4	170	305	108	G	8 4
G5	164	287	110	G	8 4
G6	158	268	113	G	8 4
G7	154	250	115	G	8 4
G8	150	229	117	G	8 4
G11	176	317	96	G	8 4
G12	166	301	99	G	8 4
G13	160	283	101	G	8 4
G14	152	266	104	G	8 4
G15	147	246	106	G	8 4
G16	147	227	108	G	8 4
G18	180	332	84	G	8 4
G19	172	313	87	G	8 4
G20	162	297	89	G	8 4
G21	154	281	92	G	8 4
G22	147	262	94	G	8 4
G23	143	244	96	G	8 4
G24	139	223	99	G	8 4
G26	176	330	74	G	8 4
G27	168	311	77	G	8 4
G28	158	295	80	G	8 4
G29	150	276	83	G	8 4
G30	143	258	85	G	8 4
G31	139	240	87	G	8 4
G32	139	219	90	G	8 4
LAST1	311	281	57	S	4 1
LAST2	317	266	53	S	4 1
LAST3	332	252	51	S	4 1
LAST4	348	240	53	S	4 1
LAT1	340	319	65	S	6 1
LAT2	354	313	62	S	6 1
LAT3	365	295	60	S	6 1
LAT4	369	274	60	S	6 1
LAT5	371	254	61	S	6 1
LAT6	377	236	62	S	6 1
LFP1	356	147	125	S	6 1
LFP2	365	166	128	S	6 1
LFP3	371	184	130	S	6 1
LFP4	373	203	130	S	6 1
LFP5	373	225	130	S	6 1
LFP6	373	246	129	S	6 1
LIF1	350	367	105	S	6 1
LIF2	358	352	111	S	6 1
LIF3	365	334	116	S	6 1
LIF4	369	317	120	S	6 1
LIF5	371	297	123	S	6 1
LIF6	371	281	127	S	6 1
LPST1	313	217	65	S	4 1
LPST2	330	219	62	S	4 1
LPST3	352	223	60	S	4 1
LPST4	371	223	60	S	4 1
LPT1	381	162	102	S	6 1
LPT2	385	172	94	S	6 1
LPT3	389	182	85	S	6 1
LPT4	389	195	78	S	6 1
LPT5	381	209	72	S	6 1
LPT6	379	221	66	S	6 1
LSF1	299	393	114	S	8 1
LSF2	311	385	119	S	8 1
LSF3	326	371	123	S	8 1
LSF4	338	356	126	S	8 1
LSF5	344	336	127	S	8 1
LSF6	354	319	128	S	8 1
LSF7	362	301	128	S	8 1
LSF8	371	281	127	S	8 1
RAST1	211	309	68	S	4 1
RAST2	203	324	64	S	4 1
RAST3	186	332	65	S	4 1
RAST4	174	330	71	S	4 1
RIF1	274	401	112	S	6 1
RIF2	256	401	113	S	6 1
RIF3	236	399	113	S	6 1
RIF4	217	391	113	S	6 1
RIF5	203	377	113	S	6 1
RIF6	195	358	112	S	6 1
RMST1	205	287	67	S	4 1
RMST2	193	295	62	S	4 1
RMST3	174	305	63	S	4 1
RMST4	164	309	70	S	4 1
ROF1	242	328	83	S	4 1
ROF2	225	332	85	S	4 1
ROF3	205	334	90	S	4 1
ROF4	193	338	97	S	4 1
RP1	223	170	153	S	6 1
RP2	205	178	152	S	6 1
RP3	186	186	149	S	6 1
RP4	170	197	145	S	6 1
RP5	158	207	140	S	6 1
RP6	150	213	132	S	6 1
RPLT1	182	109	85	S	6 1
RPLT2	168	121	88	S	6 1
RPLT3	154	137	90	S	6 1
RPLT4	143	154	93	S	6 1
RPLT5	133	170	96	S	6 1
RPLT6	129	188	100	S	6 1
RPST1	205	244	75	S	4 1
RPST2	188	252	72	S	4 1
RPST3	170	260	70	S	4 1
RPST4	154	268	70	S	4 1
RSF1	272	340	149	S	6 1
RSF2	252	340	149	S	6 1
RSF3	233	338	146	S	6 1
RSF4	213	334	143	S	6 1
RSF5	197	328	138	S	6 1
RSF6	184	319	132	S	6 1
RTT1	219	250	79	S	6 1
RTT2	219	270	76	S	6 1
RTT3	219	291	75	S	6 1
RTT4	215	309	75	S	6 1
RTT5	207	330	76	S	6 1
RTT6	193	340	77	S	6 1
